第1组排序数比较
 1 7 4 9 0 3 9 0 1 1
-----冒泡排序后的序列-----
 0 0 1 1 1 3 4 7 9 9
冒泡排序的比较次数:45
冒泡排序的交换次数:24
-----直接插入排序后的序列-----
 0 0 1 1 1 3 4 7 9 9
直接插入排序的比较次数:24
直接插入排序的交换次数:6
-----简单选择排序后的序列-----
 0 0 1 1 1 3 4 7 9 9
简单选择排序的比较次数:45
简单选择排序的交换次数:6
-----快速排序后的序列为-----
 0 0 1 1 1 3 4 7 9 9
快速排序的比较次数:27
快速排序的交换次数:20
-----希尔排序后的序列为-----
 0 0 1 1 1 3 4 7 9 9
希尔排序的比较次数:19
希尔排序的交换次数:10
第2组排序数比较
 17 0 16 17 11 9 1 10 2 14 18 2 17 19 3 11 17 5 14 2

-----冒泡排序后的序列-----
 0 1 2 2 2 3 5 9 10 11 11 14 14 16 17 17 17 17 18 19
冒泡排序的比较次数:190
冒泡排序的交换次数:89
-----直接插入排序后的序列-----
 0 1 2 2 2 3 5 9 10 11 11 14 14 16 17 17 17 17 18 19
直接插入排序的比较次数:89
直接插入排序的交换次数:16
-----简单选择排序后的序列-----
 0 1 2 2 2 3 5 9 10 11 11 14 14 16 17 17 17 17 18 19
简单选择排序的比较次数:190
简单选择排序的交换次数:19
-----快速排序后的序列为-----
 0 1 2 2 2 3 5 9 10 11 11 14 14 16 17 17 17 17 18 19
快速排序的比较次数:79
快速排序的交换次数:42
-----希尔排序后的序列为-----
 0 1 2 2 2 3 5 9 10 11 11 14 14 16 17 17 17 17 18 19
希尔排序的比较次数:53
希尔排序的交换次数:31
第3组排序数比较
 4 19 36 28 22 2 6 45 37 46 2 30 19 33 29 20 37 28 36 4
 14 35 7 29 31 7 43 22 35 40 18 8 10 2 5 49 48 5 46 17
 11 17 11 47 39 10 4 17 6 41
-----冒泡排序后的序列-----
 2 2 2 4 4 4 5 5 6 6 7 7 8 10 10 11 11 14 17 17 17 18 19 19 20 22 22 28 28 29 29 30 31 33 35 35 36 36 37 37 39 40 41 43 45 46 46 47 48 49
冒泡排序的比较次数:1225
冒泡排序的交换次数:614
-----直接插入排序后的序列-----
 2 2 2 4 4 4 5 5 6 6 7 7 8 10 10 11 11 14 17 17 17 18 19 19 20 22 22 28 28 29 29 30 31 33 35 35 36 36 37 37 39 40 41 43 45 46 46 47 48 49
直接插入排序的比较次数:614
直接插入排序的交换次数:44
-----简单选择排序后的序列-----
 2 2 2 4 4 4 5 5 6 6 7 7 8 10 10 11 11 14 17 17 17 18 19 19 20 22 22 28 28 29 29 30 31 33 35 35 36 36 37 37 39 40 41 43 45 46 46 47 48 49
简单选择排序的比较次数:1225
简单选择排序的交换次数:46
-----快速排序后的序列为-----
 2 2 2 4 4 4 5 5 6 6 7 7 8 10 10 11 11 14 17 17 17 18 19 19 20 22 22 28 28 29 29 30 31 33 35 35 36 36 37 37 39 40 41 43 45 46 46 47 48 49
快速排序的比较次数:258
快速排序的交换次数:140
-----希尔排序后的序列为-----
 2 2 2 4 4 4 5 5 6 6 7 7 8 10 10 11 11 14 17 17 17 18 19 19 20 22 22 28 28 29 29 30 31 33 35 35 36 36 37 37 39 40 41 43 45 46 46 47 48 49
希尔排序的比较次数:237
希尔排序的交换次数:123
第4组排序数比较
 17 94 57 77 62 41 88 86 47 54 11 7 39 33 43 36 5 24 91 98
 40 73 30 70 6 74 23 89 39 94 4 1 98 25 39 1 21 94 62 57
 94 44 92 49 80 66 5 71 67 68 78 91 19 59 40 94 79 38 39 28
 93 26 38 82 32 95 81 48 46 52 90 28 91 40 36 79 77 26 21 8
 54 78 98 94 31 90 12 5 2 16 53 24 54 68 3 49 33 84 1 85

-----冒泡排序后的序列-----
 1 1 1 2 3 4 5 5 5 6 7 8 11 12 16 17 19 21 21 23 24 24 25 26 26 28 28 30 31 32 33 33 36 36 38 38 39 39 39 39 40 40 40 41 43 44 46 47 48 49 49 52 53 54 54 54 57 57 59 62 62 66 67 68 68 70 71 73 74 77 77 78 78 79 79 80 81 82 84 85 86 88 89 90 90 91 91 91 92 93 94 94 94 94 94 94 95 98 98 98
冒泡排序的比较次数:4950
冒泡排序的交换次数:2535
-----直接插入排序后的序列-----
 1 1 1 2 3 4 5 5 5 6 7 8 11 12 16 17 19 21 21 23 24 24 25 26 26 28 28 30 31 32 33 33 36 36 38 38 39 39 39 39 40 40 40 41 43 44 46 47 48 49 49 52 53 54 54 54 57 57 59 62 62 66 67 68 68 70 71 73 74 77 77 78 78 79 79 80 81 82 84 85 86 88 89 90 90 91 91 91 92 93 94 94 94 94 94 94 95 98 98 98
直接插入排序的比较次数:2535
直接插入排序的交换次数:95
-----简单选择排序后的序列-----
 1 1 1 2 3 4 5 5 5 6 7 8 11 12 16 17 19 21 21 23 24 24 25 26 26 28 28 30 31 32 33 33 36 36 38 38 39 39 39 39 40 40 40 41 43 44 46 47 48 49 49 52 53 54 54 54 57 57 59 62 62 66 67 68 68 70 71 73 74 77 77 78 78 79 79 80 81 82 84 85 86 88 89 90 90 91 91 91 92 93 94 94 94 94 94 94 95 98 98 98
简单选择排序的比较次数:4950
简单选择排序的交换次数:97
-----快速排序后的序列为-----
 1 1 1 2 3 4 5 5 5 6 7 8 11 12 16 17 19 21 21 23 24 24 25 26 26 28 28 30 31 32 33 33 36 36 38 38 39 39 39 39 40 40 40 41 43 44 46 47 48 49 49 52 53 54 54 54 57 57 59 62 62 66 67 68 68 70 71 73 74 77 77 78 78 79 79 80 81 82 84 85 86 88 89 90 90 91 91 91 92 93 94 94 94 94 94 94 95 98 98 98
快速排序的比较次数:799
快速排序的交换次数:298
-----希尔排序后的序列为-----
 1 1 1 2 3 4 5 5 5 6 7 8 11 12 16 17 19 21 21 23 24 24 25 26 26 28 28 30 31 32 33 33 36 36 38 38 39 39 39 39 40 40 40 41 43 44 46 47 48 49 49 52 53 54 54 54 57 57 59 62 62 66 67 68 68 70 71 73 74 77 77 78 78 79 79 80 81 82 84 85 86 88 89 90 90 91 91 91 92 93 94 94 94 94 94 94 95 98 98 98
希尔排序的比较次数:787
希尔排序的交换次数:465
第5组排序数比较
 236 349 470 385 214 202 362 390 313 33 391 171 100 307 324 360 373 72 275 406
 97 122 83 389 188 490 402 239 60 432 10 150 481 67 315 255 56 445 168 283
 386 36 291 394 343 49 382 443 341 416 416 231 447 496 202 354 315 332 54 82
 335 154 278 121 420 235 437 369 307 275 279 409 497 130 465 27 196 12 122 176
 222 237 452 260 457 180 87 115 312 249 284 63 25 360 300 43 395 256 226 350
 322 47 15 464 141 92 169 226 80 127 478 189 18 216 197 373 72 70 204 425
 418 17 224 318 21 370 274 447 38 390 220 408 366 466 260 452 35 429 375 35
 322 334 480 380 257 264 481 409 339 339 159 236 362 109 186 66 88 48 31 103
 272 130 474 137 75 11 266 344 418 77 271 117 391 422 226 385 224 417 282 221
 19 42 314 40 163 155 466 381 129 339 468 245 10 91 224 254 492 438 349 117
 359 365 457 490 163 490 410 310 227 175 95 121 207 207 439 296 366 218 308 489
 261 230 43 382 456 121 153 95 338 387 157 483 110 351 53 56 385 182 294 297
 365 199 96 237 176 211 97 202 38 51 404 435 399 22 317 258 337 228 199 116
 204 471 206 390 286 453 395 36 481 151 237 192 263 77 177 49 374 9 451 492
 4 304 162 455 172 22 486 84 405 117 245 357 91 149 77 289 224 87 463 341
 16 431 431 73 32 359 446 228 352 297 499 67 379 88 243 65 347 422 7 78
 437 115 87 13 102 193 412 370 283 60 258 469 462 69 167 329 345 491 459 460
 338 119 68 135 72 211 449 472 334 386 202 226 465 51 310 401 90 152 225 55
 384 376 458 230 163 150 71 243 398 112 256 387 434 332 354 372 211 106 337 201
 446 463 496 217 80 376 140 385 439 153 358 273 434 467 496 398 369 112 330 177
 374 290 325 238 413 299 81 189 483 436 180 396 141 440 378 243 131 274 58 57
 280 100 489 420 134 194 217 59 279 398 0 189 17 254 103 324 426 233 377 235
 101 257 428 125 15 185 167 268 453 321 260 21 81 478 124 432 440 76 179 153
 155 301 434 344 328 195 276 383 295 389 398 198 32 90 287 4 339 378 318 455
 211 290 355 72 219 82 105 444 99 97 464 10 205 119 350 442 331 234 177 465

-----冒泡排序后的序列-----
 0 4 4 7 9 10 10 10 11 12 13 15 15 16 17 17 18 19 21 21 22 22 25 27 31 32 32 33 35 35 36 36 38 38 40 42 43 43 47 48 49 49 51 51 53 54 55 56 56 57 58 59 60 60 63 65 66 67 67 68 69 70 71 72 72 72 72 73 75 76 77 77 77 78 80 80 81 81 82 82 83 84 87 87 87 88 88 90 90 91 91 92 95 95 96 97 97 97 99 100 100 101 102 103 103 105 106 109 110 112 112 115 115 116 117 117 117 119 119 121 121 121 122 122 124 125 127 129 130 130 131 134 135 137 140 141 141 149 150 150 151 152 153 153 153 154 155 155 157 159 162 163 163 163 167 167 168 169 171 172 175 176 176 177 177 177 179 180 180 182 185 186 188 189 189 189 192 193 194 195 196 197 198 199 199 201 202 202 202 202 204 204 205 206 207 207 211 211 211 211 214 216 217 217 218 219 220 221 222 224 224 224 224 225 226 226 226 226 227 228 228 230 230 231 233 234 235 235 236 236 237 237 237 238 239 243 243 243 245 245 249 254 254 255 256 256 257 257 258 258 260 260 260 261 263 264 266 268 271 272 273 274 274 275 275 276 278 279 279 280 282 283 283 284 286 287 289 290 290 291 294 295 296 297 297 299 300 301 304 307 307 308 310 310 312 313 314 315 315 317 318 318 321 322 322 324 324 325 328 329 330 331 332 332 334 334 335 337 337 338 338 339 339 339 339 341 341 343 344 344 345 347 349 349 350 350 351 352 354 354 355 357 358 359 359 360 360 362 362 365 365 366 366 369 369 370 370 372 373 373 374 374 375 376 376 377 378 378 379 380 381 382 382 383 384 385 385 385 385 386 386 387 387 389 389 390 390 390 391 391 394 395 395 396 398 398 398 398 399 401 402 404 405 406 408 409 409 410 412 413 416 416 417 418 418 420 420 422 422 425 426 428 429 431 431 432 432 434 434 434 435 436 437 437 438 439 439 440 440 442 443 444 445 446 446 447 447 449 451 452 452 453 453 455 455 456 457 457 458 459 460 462 463 463 464 464 465 465 465 466 466 467 468 469 470 471 472 474 478 478 480 481 481 481 483 483 486 489 489 490 490 490 491 492 492 496 496 496 497 499
冒泡排序的比较次数:124750
冒泡排序的交换次数:62265
-----直接插入排序后的序列-----
 0 4 4 7 9 10 10 10 11 12 13 15 15 16 17 17 18 19 21 21 22 22 25 27 31 32 32 33 35 35 36 36 38 38 40 42 43 43 47 48 49 49 51 51 53 54 55 56 56 57 58 59 60 60 63 65 66 67 67 68 69 70 71 72 72 72 72 73 75 76 77 77 77 78 80 80 81 81 82 82 83 84 87 87 87 88 88 90 90 91 91 92 95 95 96 97 97 97 99 100 100 101 102 103 103 105 106 109 110 112 112 115 115 116 117 117 117 119 119 121 121 121 122 122 124 125 127 129 130 130 131 134 135 137 140 141 141 149 150 150 151 152 153 153 153 154 155 155 157 159 162 163 163 163 167 167 168 169 171 172 175 176 176 177 177 177 179 180 180 182 185 186 188 189 189 189 192 193 194 195 196 197 198 199 199 201 202 202 202 202 204 204 205 206 207 207 211 211 211 211 214 216 217 217 218 219 220 221 222 224 224 224 224 225 226 226 226 226 227 228 228 230 230 231 233 234 235 235 236 236 237 237 237 238 239 243 243 243 245 245 249 254 254 255 256 256 257 257 258 258 260 260 260 261 263 264 266 268 271 272 273 274 274 275 275 276 278 279 279 280 282 283 283 284 286 287 289 290 290 291 294 295 296 297 297 299 300 301 304 307 307 308 310 310 312 313 314 315 315 317 318 318 321 322 322 324 324 325 328 329 330 331 332 332 334 334 335 337 337 338 338 339 339 339 339 341 341 343 344 344 345 347 349 349 350 350 351 352 354 354 355 357 358 359 359 360 360 362 362 365 365 366 366 369 369 370 370 372 373 373 374 374 375 376 376 377 378 378 379 380 381 382 382 383 384 385 385 385 385 386 386 387 387 389 389 390 390 390 391 391 394 395 395 396 398 398 398 398 399 401 402 404 405 406 408 409 409 410 412 413 416 416 417 418 418 420 420 422 422 425 426 428 429 431 431 432 432 434 434 434 435 436 437 437 438 439 439 440 440 442 443 444 445 446 446 447 447 449 451 452 452 453 453 455 455 456 457 457 458 459 460 462 463 463 464 464 465 465 465 466 466 467 468 469 470 471 472 474 478 478 480 481 481 481 483 483 486 489 489 490 490 490 491 492 492 496 496 496 497 499
直接插入排序的比较次数:62265
直接插入排序的交换次数:493
-----简单选择排序后的序列-----
 0 4 4 7 9 10 10 10 11 12 13 15 15 16 17 17 18 19 21 21 22 22 25 27 31 32 32 33 35 35 36 36 38 38 40 42 43 43 47 48 49 49 51 51 53 54 55 56 56 57 58 59 60 60 63 65 66 67 67 68 69 70 71 72 72 72 72 73 75 76 77 77 77 78 80 80 81 81 82 82 83 84 87 87 87 88 88 90 90 91 91 92 95 95 96 97 97 97 99 100 100 101 102 103 103 105 106 109 110 112 112 115 115 116 117 117 117 119 119 121 121 121 122 122 124 125 127 129 130 130 131 134 135 137 140 141 141 149 150 150 151 152 153 153 153 154 155 155 157 159 162 163 163 163 167 167 168 169 171 172 175 176 176 177 177 177 179 180 180 182 185 186 188 189 189 189 192 193 194 195 196 197 198 199 199 201 202 202 202 202 204 204 205 206 207 207 211 211 211 211 214 216 217 217 218 219 220 221 222 224 224 224 224 225 226 226 226 226 227 228 228 230 230 231 233 234 235 235 236 236 237 237 237 238 239 243 243 243 245 245 249 254 254 255 256 256 257 257 258 258 260 260 260 261 263 264 266 268 271 272 273 274 274 275 275 276 278 279 279 280 282 283 283 284 286 287 289 290 290 291 294 295 296 297 297 299 300 301 304 307 307 308 310 310 312 313 314 315 315 317 318 318 321 322 322 324 324 325 328 329 330 331 332 332 334 334 335 337 337 338 338 339 339 339 339 341 341 343 344 344 345 347 349 349 350 350 351 352 354 354 355 357 358 359 359 360 360 362 362 365 365 366 366 369 369 370 370 372 373 373 374 374 375 376 376 377 378 378 379 380 381 382 382 383 384 385 385 385 385 386 386 387 387 389 389 390 390 390 391 391 394 395 395 396 398 398 398 398 399 401 402 404 405 406 408 409 409 410 412 413 416 416 417 418 418 420 420 422 422 425 426 428 429 431 431 432 432 434 434 434 435 436 437 437 438 439 439 440 440 442 443 444 445 446 446 447 447 449 451 452 452 453 453 455 455 456 457 457 458 459 460 462 463 463 464 464 465 465 465 466 466 467 468 469 470 471 472 474 478 478 480 481 481 481 483 483 486 489 489 490 490 490 491 492 492 496 496 496 497 499
简单选择排序的比较次数:124750
简单选择排序的交换次数:495
-----快速排序后的序列为-----
 0 4 4 7 9 10 10 10 11 12 13 15 15 16 17 17 18 19 21 21 22 22 25 27 31 32 32 33 35 35 36 36 38 38 40 42 43 43 47 48 49 49 51 51 53 54 55 56 56 57 58 59 60 60 63 65 66 67 67 68 69 70 71 72 72 72 72 73 75 76 77 77 77 78 80 80 81 81 82 82 83 84 87 87 87 88 88 90 90 91 91 92 95 95 96 97 97 97 99 100 100 101 102 103 103 105 106 109 110 112 112 115 115 116 117 117 117 119 119 121 121 121 122 122 124 125 127 129 130 130 131 134 135 137 140 141 141 149 150 150 151 152 153 153 153 154 155 155 157 159 162 163 163 163 167 167 168 169 171 172 175 176 176 177 177 177 179 180 180 182 185 186 188 189 189 189 192 193 194 195 196 197 198 199 199 201 202 202 202 202 204 204 205 206 207 207 211 211 211 211 214 216 217 217 218 219 220 221 222 224 224 224 224 225 226 226 226 226 227 228 228 230 230 231 233 234 235 235 236 236 237 237 237 238 239 243 243 243 245 245 249 254 254 255 256 256 257 257 258 258 260 260 260 261 263 264 266 268 271 272 273 274 274 275 275 276 278 279 279 280 282 283 283 284 286 287 289 290 290 291 294 295 296 297 297 299 300 301 304 307 307 308 310 310 312 313 314 315 315 317 318 318 321 322 322 324 324 325 328 329 330 331 332 332 334 334 335 337 337 338 338 339 339 339 339 341 341 343 344 344 345 347 349 349 350 350 351 352 354 354 355 357 358 359 359 360 360 362 362 365 365 366 366 369 369 370 370 372 373 373 374 374 375 376 376 377 378 378 379 380 381 382 382 383 384 385 385 385 385 386 386 387 387 389 389 390 390 390 391 391 394 395 395 396 398 398 398 398 399 401 402 404 405 406 408 409 409 410 412 413 416 416 417 418 418 420 420 422 422 425 426 428 429 431 431 432 432 434 434 434 435 436 437 437 438 439 439 440 440 442 443 444 445 446 446 447 447 449 451 452 452 453 453 455 455 456 457 457 458 459 460 462 463 463 464 464 465 465 465 466 466 467 468 469 470 471 472 474 478 478 480 481 481 481 483 483 486 489 489 490 490 490 491 492 492 496 496 496 497 499
快速排序的比较次数:4628
快速排序的交换次数:2164
-----希尔排序后的序列为-----
 0 4 4 7 9 10 10 10 11 12 13 15 15 16 17 17 18 19 21 21 22 22 25 27 31 32 32 33 35 35 36 36 38 38 40 42 43 43 47 48 49 49 51 51 53 54 55 56 56 57 58 59 60 60 63 65 66 67 67 68 69 70 71 72 72 72 72 73 75 76 77 77 77 78 80 80 81 81 82 82 83 84 87 87 87 88 88 90 90 91 91 92 95 95 96 97 97 97 99 100 100 101 102 103 103 105 106 109 110 112 112 115 115 116 117 117 117 119 119 121 121 121 122 122 124 125 127 129 130 130 131 134 135 137 140 141 141 149 150 150 151 152 153 153 153 154 155 155 157 159 162 163 163 163 167 167 168 169 171 172 175 176 176 177 177 177 179 180 180 182 185 186 188 189 189 189 192 193 194 195 196 197 198 199 199 201 202 202 202 202 204 204 205 206 207 207 211 211 211 211 214 216 217 217 218 219 220 221 222 224 224 224 224 225 226 226 226 226 227 228 228 230 230 231 233 234 235 235 236 236 237 237 237 238 239 243 243 243 245 245 249 254 254 255 256 256 257 257 258 258 260 260 260 261 263 264 266 268 271 272 273 274 274 275 275 276 278 279 279 280 282 283 283 284 286 287 289 290 290 291 294 295 296 297 297 299 300 301 304 307 307 308 310 310 312 313 314 315 315 317 318 318 321 322 322 324 324 325 328 329 330 331 332 332 334 334 335 337 337 338 338 339 339 339 339 341 341 343 344 344 345 347 349 349 350 350 351 352 354 354 355 357 358 359 359 360 360 362 362 365 365 366 366 369 369 370 370 372 373 373 374 374 375 376 376 377 378 378 379 380 381 382 382 383 384 385 385 385 385 386 386 387 387 389 389 390 390 390 391 391 394 395 395 396 398 398 398 398 399 401 402 404 405 406 408 409 409 410 412 413 416 416 417 418 418 420 420 422 422 425 426 428 429 431 431 432 432 434 434 434 435 436 437 437 438 439 439 440 440 442 443 444 445 446 446 447 447 449 451 452 452 453 453 455 455 456 457 457 458 459 460 462 463 463 464 464 465 465 465 466 466 467 468 469 470 471 472 474 478 478 480 481 481 481 483 483 486 489 489 490 490 490 491 492 492 496 496 496 497 499
希尔排序的比较次数:13208
希尔排序的交换次数:7803
第6组排序数比较
 750 74 391 834 704 141 44 181 323 709 300 347 851 456 57 177 841 237 598 201
 491 10 606 680 64 458 101 605 764 669 246 661 937 872 700 957 511 134 484 624
 69 231 922 146 416 905 332 147 235 892 53 960 944 466 298 694 894 327 42 672
 908 517 593 580 268 507 286 17 436 279 406 740 57 1 640 659 196 914 211 889
 546 854 244 59 486 798 237 178 674 104 426 978 183 354 53 83 337 93 165 926
 22 527 378 786 711 940 277 463 48 574 86 882 149 506 301 235 478 884 293 564
 997 598 949 3 341 349 545 745 909 589 417 172 141 526 953 369 865 47 793 406
 851 898 29 32 670 616 487 656 0 374 859 939 399 232 300 730 391 133 365 495
 859 499 955 674 387 85 825 755 684 402 980 840 510 368 632 289 762 192 130 298
 227 772 543 441 519 206 605 113 669 267 329 150 233 408 289 857 445 707 443 790
 819 326 693 621 489 87 399 798 99 91 158 33 519 812 866 628 173 265 218 606
 462 702 934 340 719 907 229 649 190 57 240 444 20 753 622 36 203 159 354 751
 153 944 331 308 102 856 98 181 587 0 929 170 387 854 658 353 414 436 717 482
 356 29 558 571 679 629 591 183 932 313 665 764 876 696 241 540 917 496 961 828
 86 243 60 732 779 67 430 367 286 444 531 988 631 377 959 379 365 746 182 356
 373 740 253 36 786 370 544 881 935 250 389 257 713 443 529 726 303 614 394 373
 246 994 741 70 32 84 753 198 518 671 652 356 854 257 252 657 118 998 32 451
 913 264 768 972 73 591 322 86 879 158 375 18 311 390 789 370 295 527 934 475
 753 284 17 254 886 446 712 297 742 228 793 178 870 682 697 596 257 919 558 485
 682 595 715 303 440 553 946 798 715 313 709 9 327 777 661 556 78 981 199 517
 635 181 516 654 844 38 992 106 455 812 885 795 913 982 672 348 162 642 316 931
 613 674 502 257 135 119 569 572 990 302 195 765 716 128 951 510 203 30 684 902
 267 892 87 464 563 302 252 624 252 433 67 688 564 539 417 723 714 125 555 816
 277 935 698 72 545 813 988 115 732 585 255 432 934 866 12 604 648 467 609 261
 823 478 503 887 937 299 78 102 775 387 733 534 315 410 854 592 324 61 809 341
 847 24 400 567 104 979 572 598 210 318 182 201 163 874 992 918 356 506 21 676
 135 810 581 246 41 414 326 363 891 543 200 260 683 594 31 997 64 25 815 103
 775 390 323 813 663 796 198 838 700 336 998 75 321 841 181 442 111 796 922 546
 494 171 7 983 633 7 508 64 279 875 85 207 431 379 600 513 428 965 921 511
 945 734 513 820 967 8 676 880 276 867 737 885 558 938 448 824 648 367 176 233
 317 945 558 38 291 909 332 909 433 875 793 1 252 35 982 319 342 616 41 522
 9 331 13 11 842 915 570 365 705 243 57 552 152 196 778 460 723 301 753 657
 527 640 511 876 109 736 805 28 896 48 854 366 573 357 509 678 820 950 717 927
 268 826 160 957 475 435 122 304 886 802 310 604 733 380 601 975 27 27 830 595
 485 464 522 613 489 271 898 756 65 435 369 566 360 308 709 271 772 943 260 908
 660 821 436 879 716 757 960 571 7 798 890 251 68 872 285 734 837 563 66 702
 331 611 70 841 262 274 609 367 12 382 234 342 791 229 777 802 316 285 549 976
 608 97 495 581 550 289 215 171 184 721 654 164 10 725 428 50 277 235 514 310
 498 194 450 719 972 290 894 277 708 20 158 238 647 898 911 825 939 578 752 634
 658 320 982 302 366 106 955 455 501 631 994 746 479 362 310 814 462 732 867 328
 780 792 413 373 964 875 312 39 186 844 864 268 108 704 818 235 605 393 923 593
 752 831 135 211 74 183 652 445 3 676 457 330 294 283 73 668 654 860 628 703
 347 574 423 561 710 305 915 901 810 2 972 736 940 434 171 59 580 32 846 930
 899 937 638 316 647 413 657 381 142 379 466 880 424 264 62 129 127 324 471 890
 467 429 342 660 465 128 853 64 164 525 91 790 711 795 835 670 650 484 823 270
 803 122 185 756 286 954 315 163 48 584 440 843 705 483 570 108 216 602 612 587
 635 663 955 817 23 923 225 592 517 42 58 600 110 240 291 401 216 301 15 825
 720 373 148 360 291 979 326 330 176 471 98 876 745 685 302 771 442 920 127 242
 336 710 914 602 486 46 575 703 363 432 595 241 880 604 981 320 937 581 579 308
 819 975 174 531 349 679 132 452 601 314 148 59 372 193 543 246 452 11 741 208

-----冒泡排序后的序列-----
 0 0 1 1 2 3 3 7 7 7 8 9 9 10 10 11 11 12 12 13 15 17 17 18 20 20 21 22 23 24 25 27 27 28 29 29 30 31 32 32 32 32 33 35 36 36 38 38 39 41 41 42 42 44 46 47 48 48 48 50 53 53 57 57 57 57 58 59 59 59 60 61 62 64 64 64 64 65 66 67 67 68 69 70 70 72 73 73 74 74 75 78 78 83 84 85 85 86 86 86 87 87 91 91 93 97 98 98 99 101 102 102 103 104 104 106 106 108 108 109 110 111 113 115 118 119 122 122 125 127 127 128 128 129 130 132 133 134 135 135 135 141 141 142 146 147 148 148 149 150 152 153 158 158 158 159 160 162 163 163 164 164 165 170 171 171 171 172 173 174 176 176 177 178 178 181 181 181 181 182 182 183 183 183 184 185 186 190 192 193 194 195 196 196 198 198 199 200 201 201 203 203 206 207 208 210 211 211 215 216 216 218 225 227 228 229 229 231 232 233 233 234 235 235 235 235 237 237 238 240 240 241 241 242 243 243 244 246 246 246 246 250 251 252 252 252 252 253 254 255 257 257 257 257 260 260 261 262 264 264 265 267 267 268 268 268 270 271 271 274 276 277 277 277 277 279 279 283 284 285 285 286 286 286 289 289 289 290 291 291 291 293 294 295 297 298 298 299 300 300 301 301 301 302 302 302 302 303 303 304 305 308 308 308 310 310 310 311 312 313 313 314 315 315 316 316 316 317 318 319 320 320 321 322 323 323 324 324 326 326 326 327 327 328 329 330 330 331 331 331 332 332 336 336 337 340 341 341 342 342 342 347 347 348 349 349 353 354 354 356 356 356 356 357 360 360 362 363 363 365 365 365 366 366 367 367 367 368 369 369 370 370 372 373 373 373 373 374 375 377 378 379 379 379 380 381 382 387 387 387 389 390 390 391 391 393 394 399 399 400 401 402 406 406 408 410 413 413 414 414 416 417 417 423 424 426 428 428 429 430 431 432 432 433 433 434 435 435 436 436 436 440 440 441 442 442 443 443 444 444 445 445 446 448 450 451 452 452 455 455 456 457 458 460 462 462 463 464 464 465 466 466 467 467 471 471 475 475 478 478 479 482 483 484 484 485 485 486 486 487 489 489 491 494 495 495 496 498 499 501 502 503 506 506 507 508 509 510 510 511 511 511 513 513 514 516 517 517 517 518 519 519 522 522 525 526 527 527 527 529 531 531 534 539 540 543 543 543 544 545 545 546 546 549 550 552 553 555 556 558 558 558 558 561 563 563 564 564 566 567 569 570 570 571 571 572 572 573 574 574 575 578 579 580 580 581 581 581 584 585 587 587 589 591 591 592 592 593 593 594 595 595 595 596 598 598 598 600 600 601 601 602 602 604 604 604 605 605 605 606 606 608 609 609 611 612 613 613 614 616 616 621 622 624 624 628 628 629 631 631 632 633 634 635 635 638 640 640 642 647 647 648 648 649 650 652 652 654 654 654 656 657 657 657 658 658 659 660 660 661 661 663 663 665 668 669 669 670 670 671 672 672 674 674 674 676 676 676 678 679 679 680 682 682 683 684 684 685 688 693 694 696 697 698 700 700 702 702 703 703 704 704 705 705 707 708 709 709 709 710 710 711 711 712 713 714 715 715 716 716 717 717 719 719 720 721 723 723 725 726 730 732 732 732 733 733 734 734 736 736 737 740 740 741 741 742 745 745 746 746 750 751 752 752 753 753 753 753 755 756 756 757 762 764 764 765 768 771 772 772 775 775 777 777 778 779 780 786 786 789 790 790 791 792 793 793 793 795 795 796 796 798 798 798 798 802 802 803 805 809 810 810 812 812 813 813 814 815 816 817 818 819 819 820 820 821 823 823 824 825 825 825 826 828 830 831 834 835 837 838 840 841 841 841 842 843 844 844 846 847 851 851 853 854 854 854 854 854 856 857 859 859 860 864 865 866 866 867 867 870 872 872 874 875 875 875 876 876 876 879 879 880 880 880 881 882 884 885 885 886 886 887 889 890 890 891 892 892 894 894 896 898 898 898 899 901 902 905 907 908 908 909 909 909 911 913 913 914 914 915 915 917 918 919 920 921 922 922 923 923 926 927 929 930 931 932 934 934 934 935 935 937 937 937 937 938 939 939 940 940 943 944 944 945 945 946 949 950 951 953 954 955 955 955 957 957 959 960 960 961 964 965 967 972 972 972 975 975 976 978 979 979 980 981 981 982 982 982 983 988 988 990 992 992 994 994 997 997 998 998
冒泡排序的比较次数:499500
冒泡排序的交换次数:244810
-----直接插入排序后的序列-----
 0 0 1 1 2 3 3 7 7 7 8 9 9 10 10 11 11 12 12 13 15 17 17 18 20 20 21 22 23 24 25 27 27 28 29 29 30 31 32 32 32 32 33 35 36 36 38 38 39 41 41 42 42 44 46 47 48 48 48 50 53 53 57 57 57 57 58 59 59 59 60 61 62 64 64 64 64 65 66 67 67 68 69 70 70 72 73 73 74 74 75 78 78 83 84 85 85 86 86 86 87 87 91 91 93 97 98 98 99 101 102 102 103 104 104 106 106 108 108 109 110 111 113 115 118 119 122 122 125 127 127 128 128 129 130 132 133 134 135 135 135 141 141 142 146 147 148 148 149 150 152 153 158 158 158 159 160 162 163 163 164 164 165 170 171 171 171 172 173 174 176 176 177 178 178 181 181 181 181 182 182 183 183 183 184 185 186 190 192 193 194 195 196 196 198 198 199 200 201 201 203 203 206 207 208 210 211 211 215 216 216 218 225 227 228 229 229 231 232 233 233 234 235 235 235 235 237 237 238 240 240 241 241 242 243 243 244 246 246 246 246 250 251 252 252 252 252 253 254 255 257 257 257 257 260 260 261 262 264 264 265 267 267 268 268 268 270 271 271 274 276 277 277 277 277 279 279 283 284 285 285 286 286 286 289 289 289 290 291 291 291 293 294 295 297 298 298 299 300 300 301 301 301 302 302 302 302 303 303 304 305 308 308 308 310 310 310 311 312 313 313 314 315 315 316 316 316 317 318 319 320 320 321 322 323 323 324 324 326 326 326 327 327 328 329 330 330 331 331 331 332 332 336 336 337 340 341 341 342 342 342 347 347 348 349 349 353 354 354 356 356 356 356 357 360 360 362 363 363 365 365 365 366 366 367 367 367 368 369 369 370 370 372 373 373 373 373 374 375 377 378 379 379 379 380 381 382 387 387 387 389 390 390 391 391 393 394 399 399 400 401 402 406 406 408 410 413 413 414 414 416 417 417 423 424 426 428 428 429 430 431 432 432 433 433 434 435 435 436 436 436 440 440 441 442 442 443 443 444 444 445 445 446 448 450 451 452 452 455 455 456 457 458 460 462 462 463 464 464 465 466 466 467 467 471 471 475 475 478 478 479 482 483 484 484 485 485 486 486 487 489 489 491 494 495 495 496 498 499 501 502 503 506 506 507 508 509 510 510 511 511 511 513 513 514 516 517 517 517 518 519 519 522 522 525 526 527 527 527 529 531 531 534 539 540 543 543 543 544 545 545 546 546 549 550 552 553 555 556 558 558 558 558 561 563 563 564 564 566 567 569 570 570 571 571 572 572 573 574 574 575 578 579 580 580 581 581 581 584 585 587 587 589 591 591 592 592 593 593 594 595 595 595 596 598 598 598 600 600 601 601 602 602 604 604 604 605 605 605 606 606 608 609 609 611 612 613 613 614 616 616 621 622 624 624 628 628 629 631 631 632 633 634 635 635 638 640 640 642 647 647 648 648 649 650 652 652 654 654 654 656 657 657 657 658 658 659 660 660 661 661 663 663 665 668 669 669 670 670 671 672 672 674 674 674 676 676 676 678 679 679 680 682 682 683 684 684 685 688 693 694 696 697 698 700 700 702 702 703 703 704 704 705 705 707 708 709 709 709 710 710 711 711 712 713 714 715 715 716 716 717 717 719 719 720 721 723 723 725 726 730 732 732 732 733 733 734 734 736 736 737 740 740 741 741 742 745 745 746 746 750 751 752 752 753 753 753 753 755 756 756 757 762 764 764 765 768 771 772 772 775 775 777 777 778 779 780 786 786 789 790 790 791 792 793 793 793 795 795 796 796 798 798 798 798 802 802 803 805 809 810 810 812 812 813 813 814 815 816 817 818 819 819 820 820 821 823 823 824 825 825 825 826 828 830 831 834 835 837 838 840 841 841 841 842 843 844 844 846 847 851 851 853 854 854 854 854 854 856 857 859 859 860 864 865 866 866 867 867 870 872 872 874 875 875 875 876 876 876 879 879 880 880 880 881 882 884 885 885 886 886 887 889 890 890 891 892 892 894 894 896 898 898 898 899 901 902 905 907 908 908 909 909 909 911 913 913 914 914 915 915 917 918 919 920 921 922 922 923 923 926 927 929 930 931 932 934 934 934 935 935 937 937 937 937 938 939 939 940 940 943 944 944 945 945 946 949 950 951 953 954 955 955 955 957 957 959 960 960 961 964 965 967 972 972 972 975 975 976 978 979 979 980 981 981 982 982 982 983 988 988 990 992 992 994 994 997 997 998 998
直接插入排序的比较次数:244810
直接插入排序的交换次数:990
-----简单选择排序后的序列-----
 0 0 1 1 2 3 3 7 7 7 8 9 9 10 10 11 11 12 12 13 15 17 17 18 20 20 21 22 23 24 25 27 27 28 29 29 30 31 32 32 32 32 33 35 36 36 38 38 39 41 41 42 42 44 46 47 48 48 48 50 53 53 57 57 57 57 58 59 59 59 60 61 62 64 64 64 64 65 66 67 67 68 69 70 70 72 73 73 74 74 75 78 78 83 84 85 85 86 86 86 87 87 91 91 93 97 98 98 99 101 102 102 103 104 104 106 106 108 108 109 110 111 113 115 118 119 122 122 125 127 127 128 128 129 130 132 133 134 135 135 135 141 141 142 146 147 148 148 149 150 152 153 158 158 158 159 160 162 163 163 164 164 165 170 171 171 171 172 173 174 176 176 177 178 178 181 181 181 181 182 182 183 183 183 184 185 186 190 192 193 194 195 196 196 198 198 199 200 201 201 203 203 206 207 208 210 211 211 215 216 216 218 225 227 228 229 229 231 232 233 233 234 235 235 235 235 237 237 238 240 240 241 241 242 243 243 244 246 246 246 246 250 251 252 252 252 252 253 254 255 257 257 257 257 260 260 261 262 264 264 265 267 267 268 268 268 270 271 271 274 276 277 277 277 277 279 279 283 284 285 285 286 286 286 289 289 289 290 291 291 291 293 294 295 297 298 298 299 300 300 301 301 301 302 302 302 302 303 303 304 305 308 308 308 310 310 310 311 312 313 313 314 315 315 316 316 316 317 318 319 320 320 321 322 323 323 324 324 326 326 326 327 327 328 329 330 330 331 331 331 332 332 336 336 337 340 341 341 342 342 342 347 347 348 349 349 353 354 354 356 356 356 356 357 360 360 362 363 363 365 365 365 366 366 367 367 367 368 369 369 370 370 372 373 373 373 373 374 375 377 378 379 379 379 380 381 382 387 387 387 389 390 390 391 391 393 394 399 399 400 401 402 406 406 408 410 413 413 414 414 416 417 417 423 424 426 428 428 429 430 431 432 432 433 433 434 435 435 436 436 436 440 440 441 442 442 443 443 444 444 445 445 446 448 450 451 452 452 455 455 456 457 458 460 462 462 463 464 464 465 466 466 467 467 471 471 475 475 478 478 479 482 483 484 484 485 485 486 486 487 489 489 491 494 495 495 496 498 499 501 502 503 506 506 507 508 509 510 510 511 511 511 513 513 514 516 517 517 517 518 519 519 522 522 525 526 527 527 527 529 531 531 534 539 540 543 543 543 544 545 545 546 546 549 550 552 553 555 556 558 558 558 558 561 563 563 564 564 566 567 569 570 570 571 571 572 572 573 574 574 575 578 579 580 580 581 581 581 584 585 587 587 589 591 591 592 592 593 593 594 595 595 595 596 598 598 598 600 600 601 601 602 602 604 604 604 605 605 605 606 606 608 609 609 611 612 613 613 614 616 616 621 622 624 624 628 628 629 631 631 632 633 634 635 635 638 640 640 642 647 647 648 648 649 650 652 652 654 654 654 656 657 657 657 658 658 659 660 660 661 661 663 663 665 668 669 669 670 670 671 672 672 674 674 674 676 676 676 678 679 679 680 682 682 683 684 684 685 688 693 694 696 697 698 700 700 702 702 703 703 704 704 705 705 707 708 709 709 709 710 710 711 711 712 713 714 715 715 716 716 717 717 719 719 720 721 723 723 725 726 730 732 732 732 733 733 734 734 736 736 737 740 740 741 741 742 745 745 746 746 750 751 752 752 753 753 753 753 755 756 756 757 762 764 764 765 768 771 772 772 775 775 777 777 778 779 780 786 786 789 790 790 791 792 793 793 793 795 795 796 796 798 798 798 798 802 802 803 805 809 810 810 812 812 813 813 814 815 816 817 818 819 819 820 820 821 823 823 824 825 825 825 826 828 830 831 834 835 837 838 840 841 841 841 842 843 844 844 846 847 851 851 853 854 854 854 854 854 856 857 859 859 860 864 865 866 866 867 867 870 872 872 874 875 875 875 876 876 876 879 879 880 880 880 881 882 884 885 885 886 886 887 889 890 890 891 892 892 894 894 896 898 898 898 899 901 902 905 907 908 908 909 909 909 911 913 913 914 914 915 915 917 918 919 920 921 922 922 923 923 926 927 929 930 931 932 934 934 934 935 935 937 937 937 937 938 939 939 940 940 943 944 944 945 945 946 949 950 951 953 954 955 955 955 957 957 959 960 960 961 964 965 967 972 972 972 975 975 976 978 979 979 980 981 981 982 982 982 983 988 988 990 992 992 994 994 997 997 998 998
简单选择排序的比较次数:499500
简单选择排序的交换次数:995
-----快速排序后的序列为-----
 0 0 1 1 2 3 3 7 7 7 8 9 9 10 10 11 11 12 12 13 15 17 17 18 20 20 21 22 23 24 25 27 27 28 29 29 30 31 32 32 32 32 33 35 36 36 38 38 39 41 41 42 42 44 46 47 48 48 48 50 53 53 57 57 57 57 58 59 59 59 60 61 62 64 64 64 64 65 66 67 67 68 69 70 70 72 73 73 74 74 75 78 78 83 84 85 85 86 86 86 87 87 91 91 93 97 98 98 99 101 102 102 103 104 104 106 106 108 108 109 110 111 113 115 118 119 122 122 125 127 127 128 128 129 130 132 133 134 135 135 135 141 141 142 146 147 148 148 149 150 152 153 158 158 158 159 160 162 163 163 164 164 165 170 171 171 171 172 173 174 176 176 177 178 178 181 181 181 181 182 182 183 183 183 184 185 186 190 192 193 194 195 196 196 198 198 199 200 201 201 203 203 206 207 208 210 211 211 215 216 216 218 225 227 228 229 229 231 232 233 233 234 235 235 235 235 237 237 238 240 240 241 241 242 243 243 244 246 246 246 246 250 251 252 252 252 252 253 254 255 257 257 257 257 260 260 261 262 264 264 265 267 267 268 268 268 270 271 271 274 276 277 277 277 277 279 279 283 284 285 285 286 286 286 289 289 289 290 291 291 291 293 294 295 297 298 298 299 300 300 301 301 301 302 302 302 302 303 303 304 305 308 308 308 310 310 310 311 312 313 313 314 315 315 316 316 316 317 318 319 320 320 321 322 323 323 324 324 326 326 326 327 327 328 329 330 330 331 331 331 332 332 336 336 337 340 341 341 342 342 342 347 347 348 349 349 353 354 354 356 356 356 356 357 360 360 362 363 363 365 365 365 366 366 367 367 367 368 369 369 370 370 372 373 373 373 373 374 375 377 378 379 379 379 380 381 382 387 387 387 389 390 390 391 391 393 394 399 399 400 401 402 406 406 408 410 413 413 414 414 416 417 417 423 424 426 428 428 429 430 431 432 432 433 433 434 435 435 436 436 436 440 440 441 442 442 443 443 444 444 445 445 446 448 450 451 452 452 455 455 456 457 458 460 462 462 463 464 464 465 466 466 467 467 471 471 475 475 478 478 479 482 483 484 484 485 485 486 486 487 489 489 491 494 495 495 496 498 499 501 502 503 506 506 507 508 509 510 510 511 511 511 513 513 514 516 517 517 517 518 519 519 522 522 525 526 527 527 527 529 531 531 534 539 540 543 543 543 544 545 545 546 546 549 550 552 553 555 556 558 558 558 558 561 563 563 564 564 566 567 569 570 570 571 571 572 572 573 574 574 575 578 579 580 580 581 581 581 584 585 587 587 589 591 591 592 592 593 593 594 595 595 595 596 598 598 598 600 600 601 601 602 602 604 604 604 605 605 605 606 606 608 609 609 611 612 613 613 614 616 616 621 622 624 624 628 628 629 631 631 632 633 634 635 635 638 640 640 642 647 647 648 648 649 650 652 652 654 654 654 656 657 657 657 658 658 659 660 660 661 661 663 663 665 668 669 669 670 670 671 672 672 674 674 674 676 676 676 678 679 679 680 682 682 683 684 684 685 688 693 694 696 697 698 700 700 702 702 703 703 704 704 705 705 707 708 709 709 709 710 710 711 711 712 713 714 715 715 716 716 717 717 719 719 720 721 723 723 725 726 730 732 732 732 733 733 734 734 736 736 737 740 740 741 741 742 745 745 746 746 750 751 752 752 753 753 753 753 755 756 756 757 762 764 764 765 768 771 772 772 775 775 777 777 778 779 780 786 786 789 790 790 791 792 793 793 793 795 795 796 796 798 798 798 798 802 802 803 805 809 810 810 812 812 813 813 814 815 816 817 818 819 819 820 820 821 823 823 824 825 825 825 826 828 830 831 834 835 837 838 840 841 841 841 842 843 844 844 846 847 851 851 853 854 854 854 854 854 856 857 859 859 860 864 865 866 866 867 867 870 872 872 874 875 875 875 876 876 876 879 879 880 880 880 881 882 884 885 885 886 886 887 889 890 890 891 892 892 894 894 896 898 898 898 899 901 902 905 907 908 908 909 909 909 911 913 913 914 914 915 915 917 918 919 920 921 922 922 923 923 926 927 929 930 931 932 934 934 934 935 935 937 937 937 937 938 939 939 940 940 943 944 944 945 945 946 949 950 951 953 954 955 955 955 957 957 959 960 960 961 964 965 967 972 972 972 975 975 976 978 979 979 980 981 981 982 982 982 983 988 988 990 992 992 994 994 997 997 998 998
快速排序的比较次数:10703
快速排序的交换次数:4702
-----希尔排序后的序列为-----
 0 0 1 1 2 3 3 7 7 7 8 9 9 10 10 11 11 12 12 13 15 17 17 18 20 20 21 22 23 24 25 27 27 28 29 29 30 31 32 32 32 32 33 35 36 36 38 38 39 41 41 42 42 44 46 47 48 48 48 50 53 53 57 57 57 57 58 59 59 59 60 61 62 64 64 64 64 65 66 67 67 68 69 70 70 72 73 73 74 74 75 78 78 83 84 85 85 86 86 86 87 87 91 91 93 97 98 98 99 101 102 102 103 104 104 106 106 108 108 109 110 111 113 115 118 119 122 122 125 127 127 128 128 129 130 132 133 134 135 135 135 141 141 142 146 147 148 148 149 150 152 153 158 158 158 159 160 162 163 163 164 164 165 170 171 171 171 172 173 174 176 176 177 178 178 181 181 181 181 182 182 183 183 183 184 185 186 190 192 193 194 195 196 196 198 198 199 200 201 201 203 203 206 207 208 210 211 211 215 216 216 218 225 227 228 229 229 231 232 233 233 234 235 235 235 235 237 237 238 240 240 241 241 242 243 243 244 246 246 246 246 250 251 252 252 252 252 253 254 255 257 257 257 257 260 260 261 262 264 264 265 267 267 268 268 268 270 271 271 274 276 277 277 277 277 279 279 283 284 285 285 286 286 286 289 289 289 290 291 291 291 293 294 295 297 298 298 299 300 300 301 301 301 302 302 302 302 303 303 304 305 308 308 308 310 310 310 311 312 313 313 314 315 315 316 316 316 317 318 319 320 320 321 322 323 323 324 324 326 326 326 327 327 328 329 330 330 331 331 331 332 332 336 336 337 340 341 341 342 342 342 347 347 348 349 349 353 354 354 356 356 356 356 357 360 360 362 363 363 365 365 365 366 366 367 367 367 368 369 369 370 370 372 373 373 373 373 374 375 377 378 379 379 379 380 381 382 387 387 387 389 390 390 391 391 393 394 399 399 400 401 402 406 406 408 410 413 413 414 414 416 417 417 423 424 426 428 428 429 430 431 432 432 433 433 434 435 435 436 436 436 440 440 441 442 442 443 443 444 444 445 445 446 448 450 451 452 452 455 455 456 457 458 460 462 462 463 464 464 465 466 466 467 467 471 471 475 475 478 478 479 482 483 484 484 485 485 486 486 487 489 489 491 494 495 495 496 498 499 501 502 503 506 506 507 508 509 510 510 511 511 511 513 513 514 516 517 517 517 518 519 519 522 522 525 526 527 527 527 529 531 531 534 539 540 543 543 543 544 545 545 546 546 549 550 552 553 555 556 558 558 558 558 561 563 563 564 564 566 567 569 570 570 571 571 572 572 573 574 574 575 578 579 580 580 581 581 581 584 585 587 587 589 591 591 592 592 593 593 594 595 595 595 596 598 598 598 600 600 601 601 602 602 604 604 604 605 605 605 606 606 608 609 609 611 612 613 613 614 616 616 621 622 624 624 628 628 629 631 631 632 633 634 635 635 638 640 640 642 647 647 648 648 649 650 652 652 654 654 654 656 657 657 657 658 658 659 660 660 661 661 663 663 665 668 669 669 670 670 671 672 672 674 674 674 676 676 676 678 679 679 680 682 682 683 684 684 685 688 693 694 696 697 698 700 700 702 702 703 703 704 704 705 705 707 708 709 709 709 710 710 711 711 712 713 714 715 715 716 716 717 717 719 719 720 721 723 723 725 726 730 732 732 732 733 733 734 734 736 736 737 740 740 741 741 742 745 745 746 746 750 751 752 752 753 753 753 753 755 756 756 757 762 764 764 765 768 771 772 772 775 775 777 777 778 779 780 786 786 789 790 790 791 792 793 793 793 795 795 796 796 798 798 798 798 802 802 803 805 809 810 810 812 812 813 813 814 815 816 817 818 819 819 820 820 821 823 823 824 825 825 825 826 828 830 831 834 835 837 838 840 841 841 841 842 843 844 844 846 847 851 851 853 854 854 854 854 854 856 857 859 859 860 864 865 866 866 867 867 870 872 872 874 875 875 875 876 876 876 879 879 880 880 880 881 882 884 885 885 886 886 887 889 890 890 891 892 892 894 894 896 898 898 898 899 901 902 905 907 908 908 909 909 909 911 913 913 914 914 915 915 917 918 919 920 921 922 922 923 923 926 927 929 930 931 932 934 934 934 935 935 937 937 937 937 938 939 939 940 940 943 944 944 945 945 946 949 950 951 953 954 955 955 955 957 957 959 960 960 961 964 965 967 972 972 972 975 975 976 978 979 979 980 981 981 982 982 982 983 988 988 990 992 992 994 994 997 997 998 998
希尔排序的比较次数:39758
希尔排序的交换次数:20608
